10 4 423 0.000392716091333
11 11 851028 0.510018140706
2 2 336738 0.775327698432
2 3 97579 0.224672301568
6 7 587 0.00194778476812
5 5 106 0.000511916547944
8 8 17163 0.216044409758
3 0 91810 0.940840105346
12 4 6470 0.00607992422178
3 7 527 0.00540053083017
0 7 218858 0.00722922241844
6 10 7758 0.0257426136816
1 2 97554 0.999702817089
12 0 1010249 0.949341169262
11 12 817591 0.489979462107
10 11 817568 0.759035719525
3 10 3539 0.0362665628234
4 5 206946 0.68668869953
6 0 284797 0.945014069178
8 9 62273 0.783880063443
12 10 37344 0.0350925332516
0 4 282534 0.00933254039959
6 4 7172 0.0237981471158
3 4 592 0.00606663045817
9 10 20643 0.0850724494338
9 4 1063 0.00438075927666
0 0 28627271 0.94560358448
10 12 246567 0.22891448816
6 1 216 0.000716731703432
7 9 180379 0.743364983598
9 0 207660 0.855793482024
4 6 94411 0.313274800244
0 10 1000558 0.0330499973707
10 0 12137 0.0112680737601
12 1 1736 0.0016313367
9 7 12987 0.0535210919341
0 1 93030 0.00307292656237
10 1 14 1.29976956942e-05
9 1 276 0.00113743138322
5 6 206957 0.999478424649
10 7 20 1.8568136706e-05
12 7 7989 0.00750734383428
10 10 348 0.000323085578685
3 1 1038 0.010637098675
1 3 4 4.0990746339e-05
7 8 62222 0.256424838864
