10 4 327 0.000380934185756
11 11 679209 0.510088227872
2 2 269934 0.775206844165
5 6 166033 0.999735062652
6 7 399 0.00165006265275
5 5 44 0.000264937348338
10 0 9515 0.0110843693501
3 0 73350 0.937032920707
12 4 4501 0.00530620617458
3 7 399 0.00509715249301
0 7 167228 0.00691802871511
6 10 5985 0.0247509397913
1 2 78275 0.999948900727
12 0 798900 0.941819176377
11 12 652343 0.489911772128
10 11 652343 0.759938071984
3 10 2828 0.0361271860908
2 3 78275 0.224793155835
6 0 226488 0.936640075431
8 9 50031 0.785662688442
12 10 29038 0.034232751588
0 4 206811 0.00855553158921
6 4 5197 0.0214921694395
3 4 480 0.00613191277354
9 10 16399 0.0842343707463
9 4 823 0.00422738503105
0 0 22620935 0.935801886601
10 12 195909 0.228221514976
6 1 126 0.000521072416659
7 9 144652 0.743013000622
9 0 166128 0.853325662744
4 6 75776 0.313371297181
0 10 776251 0.0321126049952
8 8 13649 0.214337311558
12 1 1217 0.0014347151554
9 7 10337 0.0530965723766
0 1 68005 0.0028132881023
10 1 13 1.51441725224e-05
9 1 229 0.00117627116903
7 8 50031 0.256986999378
10 7 15 1.74740452182e-05
12 7 6054 0.00713703003353
1 3 4 5.10992731128e-05
3 1 741 0.00946614034415
4 5 166033 0.686628702819
10 10 270 0.000314532813927
